2.000000000000000 -0.212694166641744 -0.212694166641744 0.000000000000000
2.100000000000000 -0.191466606245940 -0.191466321225298 0.021227560395803
2.200000000000000 -0.166792857694377 -0.166792351251677 0.024673463530922
2.300000000000000 -0.139172204016749 -0.139171515866580 0.027620147234928
2.400000000000000 -0.109024071556047 -0.109023227269868 0.030147444310533
2.500000000000000 -0.076703010045280 -0.076702026555680 0.032320217224588
2.600000000000000 -0.042510434629078 -0.042509323449017 0.034191591926602
2.700000000000000 -0.006703919259511 -0.006702688422212 0.035805404189506
2.800000000000000 0.030495382314111 0.030496727055310 0.037198070736322
2.900000000000000 0.068896762062193 0.068898216474532 0.038400035006884
3.000000000000000 0.108335111263491 0.108336672144472 0.039436894788959