0.100000000000000 -0.022937011718750 3 0.125000000000000
0.010000000000000 -0.005730438232422 4 0.062500000000000
0.001000000000000 -0.000358077883720 6 0.015625000000000
0.000100000000000 -0.000089518539609 7 0.007812500000000
0.000010000000000 -0.000005594890538 9 0.001953125000000
0.000001000000000 -0.000000349680588 11 0.000488281250000
0.000000100000000 -0.000000087420149 12 0.000244140625000
0.000000010000000 -0.000000005463765 14 0.000061035156250
0.000000001000000 -0.000000000341478 16 0.000015258789063
0.000000000100000 -0.000000000085370 17 0.000007629394531
0.000000000010000 -0.000000000005337 19 0.000001907348633
0.000000000001000 -0.000000000000359 21 0.000000476837158
0.000000000000100 0.000000000000086 23 0.000000119209290
