0.100000000000000 0.000000266355061
0.010000000000000 0.000000266355061
0.001000000000000 0.000000266355061
0.000100000000000 0.000000266355061
0.000010000000000 0.000000266355061
0.000001000000000 0.000000266355061
0.000000100000000 0.000000266355061
0.000000010000000 0.000000115030600
0.000000001000000 0.000000011588276
0.000000000100000 0.000000001320819
0.000000000010000 0.000000000113903
0.000000000001000 0.000000000014044
0.000000000000100 0.000000000001269
0.000000000000010 0.000000000000117
0.000000000000001 0.000000000000011