3 1.9114610445000615
4 0.4146320089513740
5 0.0710644028574574
6 0.0101895242127732
7 0.0012647808199047
8 0.0001389377600201
9 0.0000137166187306
10 0.0000012309977029
11 0.0000001013266013
12 0.0000000077051494
13 0.0000000005445795
14 0.0000000000359517
15 0.0000000000022364
16 0.0000000000001403
17 0.0000000000000293
18 0.0000000000000107
19 0.0000000000000200
20 0.0000000000000187
21 0.0000000000000231
22 0.0000000000000160
23 0.0000000000000195
24 0.0000000000000187
25 0.0000000000000178
26 0.0000000000000284
27 0.0000000000000249
28 0.0000000000000142
29 0.0000000000000213
30 0.0000000000000222
31 0.0000000000000187
32 0.0000000000000213
33 0.0000000000000178
34 0.0000000000000355
35 0.0000000000000213
36 0.0000000000000249
37 0.0000000000000213
38 0.0000000000000391
39 0.0000000000000169
40 0.0000000000000355
41 0.0000000000003091
42 0.0000000000002949
43 0.0000000000002878
