1.0000000000000000 -0.7253027535882519
1.0000000000000000 -0.7253027535882519
1.0100000000000000 -0.7206740829081157
1.0200000000000000 -0.7158423921915683
1.0300000000000000 -0.7107988869036569
1.0400000000000000 -0.7055349485600999
1.0500000000000000 -0.7000421326035602
1.0501441756363525 -0.6999612250353895
1.0601441756363525 -0.6942277799441862
1.0701441756363526 -0.6882489659308594
1.0801441756363526 -0.6820168501067342
1.0901441756363526 -0.6755236652134304
1.1001441756363526 -0.6687618076131675
1.1101441756363526 -0.6617238353018050
1.1201441756363526 -0.6544024659446280
1.1301441756363526 -0.6467905749348691
1.1401441756363526 -0.6388811934749747
1.1501441756363526 -0.6306675066806078
1.1601441756363526 -0.6221428517073948
1.1701441756363526 -0.6133007159004100
1.1801441756363527 -0.6041347349664028
1.1901441756363527 -0.5946386911687639
1.2001441756363527 -0.5848065115452318
1.2101441756363527 -0.5746322661483416
1.2201441756363527 -0.5641101663086120
1.2301441756363527 -0.5532345629204746
1.2401441756363527 -0.5419999447509422
1.2501441756363527 -0.5304009367710188
1.2601441756363527 -0.5184322985098492
1.2701441756363527 -0.5060889224316096
1.2801441756363527 -0.4933658323351378
1.2901441756363528 -0.4802581817763062
1.3001441756363528 -0.4667612525131316
1.3101441756363528 -0.4528704529736285
1.3201441756363528 -0.4385813167464019
1.3301441756363528 -0.4238895010939804
1.3401441756363528 -0.4087907854888893
1.3501441756363528 -0.3932810701724657
1.3601441756363528 -0.3773563747364124
1.3701441756363528 -0.3610128367270933
1.3801441756363528 -0.3442467102725689
1.3901441756363528 -0.3270543647323720
1.4001441756363529 -0.3094322833700250
1.4101441756363529 -0.2913770620482960
1.4201441756363529 -0.2728854079471965
1.4301441756363529 -0.2539541383047196
1.4363370350639411 -0.2420084955018207
1.4463370350639411 -0.2223588908862434
1.4563370350639411 -0.2022618468798204
1.4663370350639411 -0.1817145688814155
1.4763370350639411 -0.1607143668261200
1.4863370350639411 -0.1392586540537764
1.4963370350639411 -0.1173449462002413
1.5063370350639411 -0.0949708601113902
1.5163370350639411 -0.0721341127798612
1.5263370350639411 -0.0488325203045406
1.5363370350639411 -0.0250639968727879
1.5463370350639412 -0.0008265537654020
1.5563370350639412 0.0238817016156728
1.5663370350639412 0.0490625666968992
1.5763370350639412 0.0747177446599606
1.5863370350639412 0.1008488453458326
1.5963370350639412 0.1274573861361148
1.6063370350639412 0.1545447928116228
1.6163370350639412 0.1821124003882377
1.6263370350639412 0.2101614539300178
1.6363370350639412 0.2386931093395676
1.6463370350639412 0.2677084341256676
1.6563370350639413 0.2972084081481631
1.6663370350639413 0.3271939243401129
1.6763370350639413 0.3576657894071964
1.6863370350639413 0.3886247245043827
1.6963370350639413 0.4200713658898565
1.7063370350639413 0.4520062655562047
1.7163370350639413 0.4844298918388632
1.7263370350639413 0.5173426300018218
1.7363370350639413 0.5507447828005904
1.7463370350639413 0.5846365710224222
1.7563370350639413 0.6190181340037993
1.7663370350639414 0.6538895301251763
1.7763370350639414 0.6892507372829831
1.7863370350639414 0.7251016533388874
1.7963370350639414 0.7614420965463186
1.8063370350639414 0.7982718059542481
1.8163370350639414 0.8355904417882314
1.8263370350639414 0.8733975858087097
1.8363370350639414 0.9116927416465690
1.8463370350639414 0.9504753351159612
1.8563370350639414 0.9897447145043832
1.8663370350639414 1.0295001508400170
1.8763370350639414 1.0697408381363258
1.8863370350639415 1.1104658936139151
1.8963370350639415 1.1516743578996491
1.9063370350639415 1.1933651952030271
1.9163370350639415 1.2355372934698228
1.9263370350639415 1.2781894645129765
1.9363370350639415 1.3213204441207540
1.9463370350639415 1.3649288921421630
1.9563370350639415 1.4090133925496244
1.9663370350639415 1.4535724534789087
1.9763370350639415 1.4986045072463297
1.9863370350639415 1.5441079103431992
1.9963370350639416 1.5900809434075369
2.0063370350639413 1.6365218111730453
2.0163370350639411 1.6834286423953428
2.0263370350639409 1.7307994897554524
2.0363370350639407 1.7786323297405555
2.0463370350639405 1.8269250625019993
2.0563370350639403 1.8756755116905703
2.0663370350639401 1.9248814242690226
2.0763370350639399 1.9745404703018670
2.0863370350639396 2.0246502427224198
2.0963370350639394 2.0752082570771107
2.1063370350639392 2.1262119512470541
2.1163370350639390 2.1776586851468687
2.1263370350639388 2.2295457404007744
2.1322325217648839 2.2603408729996364
2.1422325217648837 2.3129220519868823
2.1522325217648834 2.3659361465659670
2.1622325217648832 2.4193801543167464
2.1722325217648830 2.4732509927503732
2.1822325217648828 2.5275454988582711
2.1922325217648826 2.5822604286383743
2.2022325217648824 2.6373924565986244
2.2122325217648822 2.6929381752377290
2.2222325217648820 2.7488940945031728
2.2322325217648817 2.8052566412264954
2.2422325217648815 2.8620221585358308
2.2522325217648813 2.9191869052456938
2.2622325217648811 2.9767470552240418
2.2722325217648809 3.0346986967365854
2.2822325217648807 3.0930378317683589
2.2922325217648805 3.1517603753225578
2.3022325217648802 3.2108621546966312
2.3122325217648800 3.2703389087356278
2.3222325217648798 3.3301862870628116
2.3322325217648796 3.3903998492875358
2.3422325217648794 3.4509750641903669
2.3522325217648792 3.5119073088854766
2.3622325217648790 3.5731918679602956
2.3722325217648788 3.6348239325924161
2.3822325217648785 3.6967985996437656
2.3922325217648783 3.7591108707320329
2.4022325217648781 3.8217556512793536
2.4122325217648779 3.8847277495382633
2.4222325217648777 3.9480218755948964
2.4322325217648775 4.0116326403494593
2.4422325217648773 4.0755545544739524
2.4522325217648770 4.1397820273471533
2.4622325217648768 4.2043093659668713
2.4722325217648766 4.2691307738394375
2.4822325217648764 4.3342403498464828
2.4922325217648762 4.3996320870889480
2.5022325217648760 4.4652998717083809
2.5122325217648758 4.5312374816854657
2.5222325217648756 4.5974385856158317
2.5322325217648753 4.6638967414631143
2.5422325217648751 4.7306053952892775
2.5522325217648749 4.7975578799621887
2.5622325217648747 4.8647474138404663
2.5722325217648745 4.9321670994355733
2.5822325217648743 4.9998099220511802
2.5922325217648741 5.0676687483997815
2.6022325217648739 5.1357363251965760
2.6122325217648736 5.2040052777306043
2.6222325217648734 5.2724681084131415
2.6322325217648732 5.3411171953033616
2.6422325217648730 5.4099447906112470
2.6522325217648728 5.4789430191777733
2.6622325217648726 5.5481038769323323
2.6722325217648724 5.6174192293274361
2.6822325217648721 5.6868808097506713
2.6922325217648719 5.7564802179139098
2.7022325217648717 5.8262089182197814
2.7122325217648715 5.8960582381054110
2.7222325217648713 5.9660193663634091
2.7322325217648711 6.0360833514401255
2.7422325217648709 6.1062410997111529
2.7522325217648707 6.1764833737341158
2.7622325217648704 6.2468007904786802
2.7722325217648702 6.3171838195338585
2.7822325217648700 6.3876227812925546
2.7922325217648698 6.4581078451133740
2.8022325217648696 6.5286290274596910
2.8122325217648694 6.5991761900159780
2.8222325217648692 6.6697390377813948
2.8322325217648689 6.7403071171406310
2.8422325217648687 6.8108698139120252
2.8522325217648685 6.8814163513729145
2.8622325217648683 6.9519357882622748
2.8722325217648681 7.0224170167605955
2.8822325217648679 7.0928487604470378
2.8922325217648677 7.1632195722338263
2.9022325217648675 7.2335178322779212
2.9122325217648672 7.3037317458699365
2.9222325217648670 7.3738493413003248
2.9322325217648668 7.4438584677028281
2.9422325217648666 7.5137467928751676
2.9522325217648664 7.5835018010770137
2.9622325217648662 7.6531107908052034
2.9722325217648660 7.7225608725462243
2.9822325217648658 7.7918389665059555
2.9922325217648655 7.8609318003166582
3.0000000000000000 7.9144630768123321
3.0099999999999998 7.9831934032732441
3.0199999999999996 8.0517005863813402
3.0299999999999994 8.1199706053884277
3.0399999999999991 8.1879892357058530
3.0499999999999989 8.2557420464801723
3.0599999999999987 8.3232143981460034
3.0699999999999985 8.3903914399562201
3.0799999999999983 8.4572581074893325
3.0899999999999981 8.5237991201341714
3.0999999999999979 8.5899989785518294
3.1099999999999977 8.6558419621148364
3.1199999999999974 8.7213121263236193
3.1299999999999972 8.7863933002002099
3.1399999999999970 8.8510690836592101
3.1499999999999968 8.9153228448560338
3.1599999999999966 8.9791377175123852
3.1699999999999964 9.0424965982190031
3.1799999999999962 9.1053821437156817
3.1899999999999959 9.1677767681485367
3.1999999999999957 9.2296626403045163
3.2099999999999955 9.2910216808232065
3.2199999999999953 9.3518355593858669
3.2299999999999951 9.4120856918817406
3.2399999999999949 9.4717532375516171
3.2499999999999947 9.5308190961086563
3.2599999999999945 9.5892639048364749
3.2699999999999942 9.6470680356644873
3.2799999999999940 9.7042115922205134
3.2899999999999938 9.7606744068606393
3.2999999999999936 9.8164360376763362
3.3099999999999934 9.8714757654788379
3.3199999999999932 9.9257725907608094
3.3299999999999930 9.9793052306352070
3.3399999999999928 10.0320521157514690
3.3499999999999925 10.0839913871889237
3.3599999999999923 10.1351008933274755
3.3699999999999921 10.1853581866955274
3.3799999999999919 10.2347405207952100
3.3899999999999917 10.2832248469048029
3.3999999999999915 10.3307878108584870
3.4099999999999913 10.3774057498032928
3.4199999999999910 10.4230546889333517
3.4299999999999908 10.4677103382013978
3.4399999999999906 10.5113480890075053
3.4499999999999904 10.5539430108651295
3.4599999999999902 10.5954698480443472
3.4699999999999900 10.6359030161924224
3.4799999999999898 10.6752165989315841
3.4899999999999896 10.7133843444340897
3.4999999999999893 10.7503796619745255
3.5099999999999891 10.7861756184593833
3.5199999999999889 10.8207449349339075
3.5299999999999887 10.8540599830661595
3.5399999999999885 10.8860927816083866
3.5499999999999883 10.9168149928356399
3.5599999999999881 10.9461979189616123
3.5699999999999878 10.9742124985318110
3.5799999999999876 11.0008293027939104
3.5899999999999874 11.0260185320454234
3.5999999999999872 11.0497500119585936
3.6099999999999870 11.0719931898825852
3.6199999999999868 11.0927171311228854
3.6299999999999866 11.1118905151979952
3.6399999999999864 11.1294816320734018
3.6499999999999861 11.1454583783727497
3.6599999999999859 11.1597882535663295
3.6699999999999857 11.1724383561367873
3.6799999999999855 11.1833753797221256
3.6899999999999853 11.1925656092359382
3.6999999999999851 11.1999749169649068
3.7099999999999849 11.2055687586435795
3.7199999999999847 11.2093121695063704
3.7299999999999844 11.2111697603168849
3.7399999999999842 11.2111057133744048
3.7499999999999840 11.2090837784977353
3.7599999999999838 11.2050672689862374
3.7699999999999836 11.1990190575581678
3.7799999999999834 11.1909015722662435
3.7899999999999832 11.1806767923904928
3.7999999999999829 11.1683062443083490
3.8099999999999827 11.1537509973420033
3.8199999999999825 11.1369716595830237
3.8299999999999823 11.1179283736942551
3.8399999999999821 11.0965808126889254
3.8499999999999819 11.0728881756870550
3.8599999999999817 11.0468091836491169
3.8677674782351161 11.0248790415566464
3.8777674782351159 10.9944567708318637
3.8877674782351157 10.9615309804460033
3.8977674782351155 10.9260585465928663
3.9077674782351153 10.8879958466136930
3.9177674782351151 10.8472987545994695
3.9277674782351149 10.8039226369704551
3.9377674782351146 10.7578223480330237
3.9477674782351144 10.7089522255137091
3.9577674782351142 10.6572660860705302
3.9677674782351140 10.6027172207816012
3.9777674782351138 10.5452583906109592
3.9877674782351136 10.4848418218516688
3.9977674782351134 10.4214192015462128
4.0077674782351131 10.3549416728840846
4.0177674782351129 10.2853598305767022
4.0277674782351127 10.2126237162095475
4.0377674782351125 10.1366828135715448
4.0477674782351123 10.0574860439617577
4.0577674782351121 9.9749817614733054
4.0677674782351119 9.8891177482545345
4.0777674782351117 9.7998412097474592
4.0877674782351114 9.7070987699034852
4.0977674782351112 9.6108364663763535
4.1077674782351110 9.5109997456923594
4.1177674782351108 9.4075334583978538
4.1277674782351106 9.3003818541839500
4.1377674782351104 9.1894885769885573
4.1477674782351102 9.0747966600756325
4.1577674782351099 8.9562485210916574
4.1677674782351097 8.8337859570994937
4.1777674782351095 8.7073501395893622
4.1877674782351093 8.5768816094671472
4.1977674782351091 8.4423202720199804
4.2077674782351089 8.3036053918590298
4.2177674782351087 8.1606755878395862
4.2277674782351085 8.0134688279584019
4.2377674782351082 7.8619224242282826
4.2477674782351080 7.7059730275299421
4.2577674782351078 7.5455566224411221
4.2677674782351076 7.3806085220429454
4.2777674782351074 7.2110633627035794
4.2877674782351072 7.0368550988391068
4.2977674782351070 6.8579169976516789
4.3077674782351068 6.6741816338449471
4.3177674782351065 6.4855808843167031
4.3277674782351063 6.2920459228288452
4.3377674782351061 6.0935072146545322
4.3477674782351059 5.8898945112026713
4.3577674782351057 5.6811368446195871
4.3677674782351055 5.4671625223680218
4.3777674782351053 5.2478991217833562
4.3877674782351050 5.0232734846070874
4.3977674782351048 4.7932117114975910
4.4077674782351046 4.5576391565181131
4.4177674782351044 4.3164804216020514
4.4277674782351042 4.0696593509954671
4.4377674782351040 3.8170990256768844
4.4477674782351038 3.5587217577543320
4.4577674782351036 3.2944490848396439
4.4677674782351033 3.0242017644000203
4.4777674782351031 2.7478997680868567
4.4877674782351029 2.4654622760418290
4.4977674782351027 2.1768076711802422
4.5077674782351025 1.8818535334516084
4.5177674782351023 1.5805166340775436
4.5277674782351021 1.2727129297668576
4.5377674782351018 0.9583575569079531
4.5477674782351016 0.6373648257384615
4.5577674782351014 0.3096482144921456
4.5636629649360598 0.1132574955586123
4.5736629649360596 -0.2253271868268515
4.5836629649360594 -0.5708637103239377
4.5936629649360592 -0.9234416317794637
4.6036629649360590 -1.2831513671988770
4.6136629649360588 -1.6500841977265099
4.6236629649360586 -2.0243322756484661
4.6336629649360583 -2.4059886304183515
4.6436629649360581 -2.7951471747057082
4.6536629649360579 -3.1919027104671458
4.6636629649360577 -3.5963509350403058
4.6736629649360575 -4.0085884472604656
4.6836629649360573 -4.4287127535999744
4.6936629649360571 -4.8568222743303160
4.7036629649360568 -5.2930163497070932
4.7136629649360566 -5.7373952461775293
4.7236629649360564 -6.1900601626108811
4.7336629649360562 -6.6511132365515202
4.7436629649360560 -7.1206575504947889
4.7536629649360558 -7.5987971381855237
4.7636629649360556 -8.0856369909394203
4.7736629649360554 -8.5812830639870921
4.7836629649360551 -9.0858422828408063
4.7936629649360549 -9.5994225496841192
4.8036629649360547 -10.1221327497840310
4.8136629649360545 -10.6540827579261261
4.8236629649360543 -11.1953834448722436
4.8336629649360541 -11.7461466838410331
4.8436629649360539 -12.3064853570111516
4.8536629649360536 -12.8765133620472874
4.8636629649360534 -13.4563456186488128
4.8736629649360532 -14.0460980751213391
4.8836629649360530 -14.6458877149708453
4.8936629649360528 -15.2558325635206220
4.9036629649360526 -15.8760516945510162
4.9136629649360524 -16.5066652369617763
4.9236629649360522 -17.1477943814572633
4.9336629649360519 -17.7995613872543466
4.9436629649360517 -18.4620895888130683
4.9536629649360515 -19.1355034025899542
4.9636629649360513 -19.8199283338141932
4.9736629649360511 -20.5154909832865719
4.9836629649360509 -21.2223190542009092
4.9936629649360507 -21.9405413589885860
5.0000000000000000 -22.4016384817215943
