0.0205353881444252 15.5719931805636342 0.0095911761903032 18.0217228867404415
0.0154179471531991 15.5719931805636342 0.0102361038897139 18.0217228867404415
0.0215037712788395 15.5719931805636342 0.0106886348437242 18.0217228867404415
0.0152002416348599 15.5719931805636342 0.0110486421250019 18.0217228867404415
0.0168932070053778 15.5719931805636342 0.0103380423472893 18.0217228867404415
0.0224590161120712 15.5719931805636342 0.0083290813143473 18.0217228867404415
0.0232826784076203 15.5719931805636342 0.0101186594677916 18.0217228867404415
0.0201358507286337 15.5719931805636342 0.0132827826521098 18.0217228867404415
0.0161677569877697 15.5719931805636342 0.0093119015037142 18.0217228867404415
0.0132888127360833 15.5719931805636342 0.0110630921589209 18.0217228867404415
0.0053499119215312 15.5719931805636271 0.0017959651031841 31.1657596812089501
0.0017836792514063 15.5719931805636271 0.0013887328281478 31.1657596812089501
0.0012393022272891 15.5719931805636271 0.0016701754338042 31.1657596812089501
0.0110426427896834 15.5719931805636271 0.0021139164977699 31.1657596812089501
0.0017743369992852 15.5719931805636271 0.0018152135023965 31.1657596812089501
0.0017241406784152 15.5719931805636271 0.0016204329825320 31.1657596812089501
0.0079498314359286 15.5719931805636271 0.0014886926670656 31.1657596812089501
0.0024514163272781 15.5719931805636271 0.0017176225196836 31.1657596812089501
0.0020508631045195 15.5719931805636271 0.0016751372903870 31.1657596812089501
0.0035730252914609 15.5719931805636271 0.0014338390663257 31.1657596812089501
0.0004166421057090 15.5719931805636218 0.0005657745835625 109.6188082997623638
0.0009870993383213 15.5719931805636218 0.0006206764093116 109.6188082997623638
0.0006159461132087 15.5719931805636218 0.0006470509581626 109.6188082997623638
0.0007803723808575 15.5719931805636218 0.0007859667279427 109.6188082997623638
0.0008411192309032 15.5719931805636218 0.0005363725623518 109.6188082997623638
0.0002201001271896 15.5719931805636218 0.0007092880842219 109.6188082997623638
0.0003497502632185 15.5719931805636218 0.0005084002053954 109.6188082997623638
0.0006985521976792 15.5719931805636218 0.0007293845479834 109.6188082997623638
0.0019284349985501 15.5719931805636218 0.0006209142782781 109.6188082997623638
0.0020074675157545 15.5719931805636218 0.0006529981419213 109.6188082997623638
0.0003350795893685 15.5719931805636591 0.0001481646446084 333.4955251656823521
0.0001784904195534 15.5719931805636591 0.0002047215485591 333.4955251656823521
0.0004482813963035 15.5719931805636591 0.0002146440651835 333.4955251656823521
0.0000464714007738 15.5719931805636591 0.0001925640699217 333.4955251656823521
0.0000920961336998 15.5719931805636591 0.0001930359041913 333.4955251656823521
0.0011440293069701 15.5719931805636591 0.0001837689317686 333.4955251656823521
0.0000267212366353 15.5719931805636591 0.0001983906624332 333.4955251656823521
0.0007301225578622 15.5719931805636591 0.0001503152900674 333.4955251656823521
0.0000889622610194 15.5719931805636591 0.0002182552727554 333.4955251656823521
0.0007676992080785 15.5719931805636591 0.0001974530485618 333.4955251656823521
0.0002858408637197 15.5719931805637959 0.0001196049792500 2095.1844660122678761
0.0000556357410637 15.5719931805637959 0.0001006179900806 2095.1844660122678761
0.0003988531191823 15.5719931805637959 0.0001213322897496 2095.1844660122678761
0.0001846948981036 15.5719931805637959 0.0000999626646631 2095.1844660122678761
0.0002664867394285 15.5719931805637959 0.0001313466314550 2095.1844660122678761
0.0000011710901912 15.5719931805637959 0.0001176432186381 2095.1844660122678761
0.0000173094356914 15.5719931805637959 0.0000834318162086 2095.1844660122678761
0.0000104321068036 15.5719931805637959 0.0001374427489745 2095.1844660122678761
0.0001441361432437 15.5719931805637959 0.0001179274903250 2095.1844660122678761
0.0000154797404551 15.5719931805637959 0.0001334166541599 2095.1844660122678761
0.0000804201126939 15.5719931805649647 0.0000566753257391 10008.1670393250042252
0.0000228811020012 15.5719931805649647 0.0000632934894020 10008.1670393250042252
0.0000458961589412 15.5719931805649647 0.0000492220770442 10008.1670393250042252
0.0000790981570646 15.5719931805649647 0.0000579385018759 10008.1670393250042252
0.0000792647490057 15.5719931805649647 0.0000581144007676 10008.1670393250042252
0.0000225325470363 15.5719931805649647 0.0000521313947973 10008.1670393250042252
0.0000893930749396 15.5719931805649647 0.0000588375027931 10008.1670393250042252
0.0001821072627629 15.5719931805649647 0.0000623234757645 10008.1670393250042252
0.0001154102022656 15.5719931805649647 0.0000538447681993 10008.1670393250042252
0.0000334365906694 15.5719931805649647 0.0000545384355097 10008.1670393250042252
0.0000032442704298 15.5719931805634531 0.0000435810052678 72153.9182744251738768
0.0000148315644455 15.5719931805634531 0.0000399584300127 72153.9182744251738768
0.0000374784088479 15.5719931805634531 0.0000374947537223 72153.9182744251738768
0.0000359569283767 15.5719931805634531 0.0000474144016418 72153.9182744251738768
0.0000609095489460 15.5719931805634531 0.0000432528161117 72153.9182744251738768
0.0001103957233142 15.5719931805634531 0.0000397186537716 72153.9182744251738768
0.0000714140794198 15.5719931805634531 0.0000495228345187 72153.9182744251738768
0.0000173363685984 15.5719931805634531 0.0000389220274514 72153.9182744251738768
0.0000422247854575 15.5719931805634531 0.0000422970402382 72153.9182744251738768
0.0001340930369581 15.5719931805634531 0.0000370119869719 72153.9182744251738768
0.0000531258264792 15.5719931805602894 0.0000361074025657 657776.1209193968679756
0.0000431215202623 15.5719931805602894 0.0000358133740906 657776.1209193968679756
0.0000777064070847 15.5719931805602894 0.0000370843015067 657776.1209193968679756
0.0000196863665060 15.5719931805602894 0.0000341097239050 657776.1209193968679756
0.0000021529927369 15.5719931805602894 0.0000396895506707 657776.1209193968679756
0.0000157456227624 15.5719931805602894 0.0000385334317962 657776.1209193968679756
0.0000000968533857 15.5719931805602894 0.0000366168034391 657776.1209193968679756
0.0000999801296044 15.5719931805602894 0.0000348249039414 657776.1209193968679756
0.0000346081072314 15.5719931805602894 0.0000404707737761 657776.1209193968679756
0.0000427859417281 15.5719931805602894 0.0000299139254278 657776.1209193968679756
0.0000329657695945 15.5719931809028260 0.0000292878701461 5104771.3919351100921631
0.0000307182444811 15.5719931809028260 0.0000301007765798 5104771.3919351100921631
0.0000780002170528 15.5719931809028260 0.0000302319180051 5104771.3919351100921631
0.0000433877887510 15.5719931809028260 0.0000349370031444 5104771.3919351100921631
0.0000202358319257 15.5719931809028260 0.0000327907444350 5104771.3919351100921631
0.0000071738126229 15.5719931809028260 0.0000305428536655 5104771.3919351100921631
0.0000255520859719 15.5719931809028260 0.0000317485816138 5104771.3919351100921631
0.0000235511505673 15.5719931809028260 0.0000332368557272 5104771.3919351100921631
0.0000517788574936 15.5719931809028260 0.0000336864258050 5104771.3919351100921631
0.0000188780699750 15.5719931809028260 0.0000271325374257 5104771.3919351100921631
0.0000191858809951 15.5719931810339212 0.0000413232421466 61895433.9558347463607788
0.0000540421972957 15.5719931810339212 0.0000347829442558 61895433.9558347463607788
0.0000218834738273 15.5719931810339212 0.0000356927507314 61895433.9558347463607788
0.0000074901730328 15.5719931810339212 0.0000378367294861 61895433.9558347463607788
0.0001066180973782 15.5719931810339212 0.0000357872402489 61895433.9558347463607788
0.0000303824093933 15.5719931810339212 0.0000380388863932 61895433.9558347463607788
0.0000755817838701 15.5719931810339212 0.0000402526261481 61895433.9558347463607788
0.0000003123822269 15.5719931810339212 0.0000314174729433 61895433.9558347463607788
0.0000447066408641 15.5719931810339212 0.0000327967551060 61895433.9558347463607788
0.0000281669025883 15.5719931810339212 0.0000362292865783 61895433.9558347463607788