eps root iter
0.10000000000000  -0.7400000000000000  0
0.01000000000000  -0.7375000000000000  4
0.00100000000000  -0.7390625000000000  7
0.00010000000000  -0.7391015624999999  10
0.00001000000000  -0.7390869140624999  13
0.00000100000000  -0.7390853881835937  17
0.00000010000000  -0.7390851211547851  20
0.00000001000000  -0.7390851354598998  23
0.00000000100000  -0.7390851333737372  27
0.00000000010000  -0.7390851331874726  30
0.00000000001000  -0.7390851332107556  33
0.00000000000100  -0.7390851332151211  37
0.00000000000010  -0.7390851332151576  40
0.00000000000001  -0.7390851332151621  43
