eps root iter
0.10000000000000  1.2500000000000000  1
0.01000000000000  1.2218750000000000  5
0.00100000000000  1.2207031250000000  8
0.00010000000000  1.2207519531250000  11
0.00001000000000  1.2207427978515624  15
0.00000100000000  1.2207439422607420  18
0.00000010000000  1.2207440853118894  21
0.00000001000000  1.2207440823316571  25
0.00000000100000  1.2207440849393603  28
0.00000000010000  1.2207440846133975  31
0.00000000001000  1.2207440846046662  35
0.00000000000100  1.2207440846057578  38
0.00000000000010  1.2207440846058033  41
0.00000000000001  1.2207440846057607  45
