eps root iter
0.10000000000000  1.1408256291730869  1
0.01000000000000  1.2151401322811466  3
0.00100000000000  1.2205208954845570  5
0.00010000000000  1.2207006901840041  6
0.00001000000000  1.2207356605013251  7
0.00000100000000  1.2207437673448567  9
0.00000010000000  1.2207440230391353  10
0.00000001000000  1.2207440822872933  12
0.00000000100000  1.2207440841558466  13
0.00000000010000  1.2207440845184512  14
0.00000000001000  1.2207440846024715  16
0.00000000000100  1.2207440846051214  17
0.00000000000010  1.2207440846057354  19
0.00000000000001  1.2207440846057547  20
