eps root iter
0.10000000000000  -0.7597195747189399  1
0.01000000000000  -0.7597195747189399  1
0.00100000000000  -0.7392652108253865  2
0.00010000000000  -0.7392652108253865  2
0.00001000000000  -0.7390882561738736  3
0.00000100000000  -0.7390882561738736  3
0.00000010000000  -0.7390851876061593  4
0.00000001000000  -0.7390851876061593  4
0.00000000100000  -0.7390851341625313  5
0.00000000010000  -0.7390851341625313  5
0.00000000001000  -0.7390851332316618  6
0.00000000000100  -0.7390851332154481  7
0.00000000000010  -0.7390851332154481  7
0.00000000000001  -0.7390851332151658  8
