14 0.1000000000000000 0.0792050750458186 0.0356700797004018
22 0.0100000000000000 0.0086304036718107 0.0038867099228741
30 0.0010000000000000 0.0009403926363510 0.0004235066550832
39 0.0001000000000000 0.0000776688891533 0.0000349782528891
47 0.0000100000000000 0.0000084630168202 0.0000038113271057
55 0.0000010000000000 0.0000009221537026 0.0000004152927344
64 0.0000001000000000 0.0000000761624997 0.0000000342998483
72 0.0000000100000000 0.0000000082988777 0.0000000037374071
80 0.0000000010000000 0.0000000009042690 0.0000000004072387
88 0.0000000001000000 0.0000000000985321 0.0000000000443738
97 0.0000000000100000 0.0000000000081382 0.0000000000036650
105 0.0000000000010000 0.0000000000008868 0.0000000000003985
113 0.0000000000001000 0.0000000000000962 0.0000000000000436