2.000000000000000 -0.212694166641744 -0.212694166641744 0.000000000000000
2.100000000000000 -0.191466606245940 -0.191466321225298 0.000000285020642
2.200000000000000 -0.166792857694377 -0.166792351251677 0.000000506442700
2.300000000000000 -0.139172204016749 -0.139171515866580 0.000000688150169
2.400000000000000 -0.109024147987711 -0.109023227269868 0.000000920717842
2.500000000000000 -0.076703177650568 -0.076702026555680 0.000001151094887
2.600000000000000 -0.042510698134768 -0.042509323449017 0.000001374685751
2.700000000000000 -0.006704279342292 -0.006702688422212 0.000001590920081
2.800000000000000 0.030494927433980 0.030496727055310 0.000001799621329
2.900000000000000 0.068896215371891 0.068898216474532 0.000002001102640
3.000000000000000 0.108334476254225 0.108336672144472 0.000002195890247