2.000000000000000 -0.212694166641744 -0.212694166641744 0.000000000000000
2.050000000000000 -0.202545834523186 -0.202545824520227 0.000000010002959
2.100000000000000 -0.191466339890880 -0.191466321225298 0.000000018665582
2.150000000000000 -0.179526851076073 -0.179526824789760 0.000000026286313
2.200000000000000 -0.166792390332109 -0.166792351251677 0.000000039080432
2.250000000000000 -0.153322452119116 -0.153322400643667 0.000000051475449
2.300000000000000 -0.139171579272423 -0.139171515866580 0.000000063405843
2.350000000000000 -0.124389850090028 -0.124389775168027 0.000000074922002
2.400000000000000 -0.109023313319688 -0.109023227269868 0.000000086049819
2.450000000000000 -0.093114373619846 -0.093114276802822 0.000000096817024
2.500000000000000 -0.076702133806395 -0.076702026555680 0.000000107250715
2.550000000000000 -0.059822699464243 -0.059822582087533 0.000000117376710
2.600000000000000 -0.042509450668291 -0.042509323449017 0.000000127219274
2.650000000000000 -0.024793284885831 -0.024793148084845 0.000000136800986
2.700000000000000 -0.006702834564914 -0.006702688422212 0.000000146142702
2.750000000000000 0.011735337566677 0.011735492830252 0.000000155263575
2.800000000000000 0.030496562874182 0.030496727055310 0.000000164181128
2.850000000000000 0.049557908588944 0.049558081500283 0.000000172911338
2.900000000000000 0.068898035005788 0.068898216474532 0.000000181468743
2.950000000000000 0.088497066381456 0.088497256248004 0.000000189866547
3.000000000000000 0.108336474027742 0.108336672144472 0.000000198116730