4 0.4732690280081542
5 0.2507211140577326
6 0.1396450099215940
7 0.0842585106675671
8 0.0536064573796722
9 0.0356789499782195
10 0.0246356467320084
11 0.0175441661526605
12 0.0128255945884632
13 0.0095894581743181
14 0.0073111778150263
15 0.0056702411875591
16 0.0044644134028147
17 0.0035624417094340
18 0.0028769851300297
19 0.0023486139935329
20 0.0019360739982091
21 0.0016102067702519
22 0.0013500638076067
23 0.0011403693709440
24 0.0009698318398819
25 0.0008299997305841
26 0.0007144742470047
27 0.0006183590029138
28 0.0005378702140035
29 0.0004700570463712
30 0.0004125985339840
31 0.0003636546140058
32 0.0003217554954063
33 0.0002857190095682
34 0.0002545879913924
35 0.0002275827014415
36 0.0002040642432632
37 0.0001835061443529
38 0.0001654723885025
39 0.0001496000623860
40 0.0001355856862801
41 0.0001231743067507
42 0.0001121508998807
43 0.0001023333287122
44 0.0000935667462016
45 0.0000857189834704
46 0.0000786769079042
47 0.0000723432648897
48 0.0000666342497198
49 0.0000614773594663
50 0.0000568097629241
51 0.0000525768256239
52 0.0000487308270891
53 0.0000452301426890
54 0.0000420381843895
55 0.0000391228873440
56 0.0000364559303421
57 0.0000340124429812
58 0.0000317702011046
59 0.0000297097440125
60 0.0000278136437544
61 0.0000260663912144
62 0.0000244541859189
63 0.0000229647268384
64 0.0000215869565352
65 0.0000203109578649
66 0.0000191278587920
67 0.0000180296608363
68 0.0000170091644947
69 0.0000160598292354
70 0.0000151758252258
71 0.0000143518148974
72 0.0000135829704675
73 0.0000128648996309
74 0.0000121937191437
75 0.0000115656858952
76 0.0000109775769772
77 0.0000104263913556
78 0.0000099093630723
79 0.0000094239476738
80 0.0000089679619464
81 0.0000085392233160
82 0.0000081357682120
83 0.0000077558496656
84 0.0000073978779085
85 0.0000070602922335
86 0.0000067417526708
87 0.0000064409610872
88 0.0000061568264016
89 0.0000058881032174
