1.0000000000000000 -55.9000000000000057 1368.6000000000005912 -19289.4000000000087311 172968.6000000001513399 -1028855.1000000013737008 4101979.4000000073574483 -10799687.6000000275671482 17931938.4000000581145287 -16928496.0000000707805157 6894720.0000000344589353
1.0000000000000000 -55.9899999999999807 1373.4599999999988995 -19403.3399999999783176 174488.1599999996833503 -1041535.1099999977741390 4170484.3399999882094562 -11038706.3599999658763409 18449774.6399999335408211 -17558481.5999999195337296 7221311.9999999599531293
1.0000000000000000 -55.9990000000000094 1373.9460000000003674 -19414.7340000000112923 174640.1160000001545995 -1042803.1110000014305115 4177334.8340000058524311 -11062608.2360000181943178 18501558.2640000395476818 -17621480.1600000411272049 7253971.2000000206753612
1.0000000000000000 -55.9998999999999896 1373.9945999999995365 -19415.8733999999931257 174655.3115999998990446 -1042929.9110999990953133 4178019.8833999964408576 -11064998.4235999900847673 18506736.6263999752700329 -17627780.0159999765455723 7257237.1199999870732427
1.0000000000000000 -55.9999900000000110 1373.9994600000004539 -19415.9873400000069523 174656.8311600000597537 -1042942.5911100005032495 4178088.3883400023914874 -11065237.4423600044101477 18507254.4626400098204613 -17628410.0016000084578991 7257563.7120000021532178
1.0000000000000000 -55.9999990000000096 1373.9999460000005911 -19415.9987340000116092 174656.9831160001922399 -1042943.8591110017150640 4178095.2388340081088245 -11065261.3442360274493694 18507306.2462640553712845 -17628473.0001600645482540 7257596.3712000306695700
1.0000000000000000 -55.9999999000000059 1373.9999946000002637 -19415.9998734000073455 174656.9983116001239978 -1042943.9859111006371677 4178095.9238834041170776 -11065263.7344236150383949 18507311.4246264360845089 -17628479.3000160492956638 7257599.6371200252324343
1.0000000000000000 -55.9999999899999992 1373.9999994599997990 -19415.9999873399974604 174656.9998311599192675 -1042943.9985911095282063 4178095.9923883387818933 -11065263.9734423551708460 18507311.9424626305699348 -17628479.9300015866756439 7257599.9637119937688112
1.0000000000000000 -55.9999999990000035 1373.9999999460001163 -19415.9999987339979270 174656.9999831159366295 -1042943.9998591099865735 4178095.9992388281971216 -11065263.9973442200571299 18507311.9942462295293808 -17628479.9930001124739647 7257599.9963711770251393
1.0000000000000000 -55.9999999999000053 1373.9999999946003300 -19415.9999998734056135 174656.9999983116576914 -1042943.9999859116505831 4178095.9999238867312670 -11065263.9997344333678484 18507311.9994246438145638 -17628479.9993000328540802 7257599.9996371241286397

